tok	normtok	lemma	pos	rfpos	sentstart	stwr	frame	speaker	intexpr	note
Und	Und	und	KON	-	yes	indirect freeIndirect.speech.19	-	-	-	-
denn	denn	denn	ADV	-	no	indirect freeIndirect.speech.19	-	-	-	-
habe	habe	haben	VAFIN	-	no	indirect freeIndirect.speech.19	-	-	-	-
er	er	er	PPER	-	no	indirect freeIndirect.speech.19	-	-	-	-
gegen	gegen	gegen	APPR	-	no	indirect freeIndirect.speech.19	-	-	-	-
20000	20000	20000	CARD	-	no	indirect freeIndirect.speech.19	-	-	-	-
Tüntjes	Tüntjes	Tüntjes	NN	-	no	indirect freeIndirect.speech.19	-	-	-	-
gesammelt	gesammelt	sammeln	VVPP	-	no	indirect freeIndirect.speech.19	-	-	-	-
.	.	--	$.	-	no	indirect freeIndirect.speech.19	-	-	-	-
Man	Man	man	PIS	-	yes	indirect freeIndirect.speech.19	-	-	-	-
werde	werde	werden	VAFIN	-	no	indirect freeIndirect.speech.19	-	-	-	-
es	es	es	PPER	-	no	indirect freeIndirect.speech.19	-	-	-	-
gewiß	gewiß	gewiß	ADV	-	no	indirect freeIndirect.speech.19	-	-	-	-
nich	nicht	nicht	PTKNEG	-	no	indirect freeIndirect.speech.19	-	-	-	-
merken	merken	merken	VVINF	-	no	indirect freeIndirect.speech.19	-	-	-	-
,	,	--	$,	-	no	indirect freeIndirect.speech.19	-	-	-	-
so	so	so	ADV	-	no	indirect freeIndirect.speech.19|reported.writing.20.nonfact	-	-	-	-
fein	fein	fein	ADJD	-	no	indirect freeIndirect.speech.19|reported.writing.20.nonfact	-	-	-	-
wolle	wolle	wollen	VMFIN	-	no	indirect freeIndirect.speech.19|reported.writing.20.nonfact	-	-	-	-
er	er	er	PPER	-	no	indirect freeIndirect.speech.19|reported.writing.20.nonfact	-	speaker.20_19	-	-
abschreiben	abschreiben	abschreiben	VVINF	-	no	indirect freeIndirect.speech.19|reported.writing.20.nonfact	-	-	intexpr.20	-
,	,	--	$,	-	no	indirect freeIndirect.speech.19	-	-	-	-
–	-	--	$(	-	no	indirect freeIndirect.speech.19	-	-	-	-
und	und	und	KON	-	no	indirect freeIndirect.speech.19	-	-	-	-
wenn	wenn	wenn	KOUS	-	no	indirect freeIndirect.speech.19	-	-	-	-
–	-	--	$(	-	no	indirect freeIndirect.speech.19	-	-	-	-
–	-	--	$(	-	no	indirect freeIndirect.speech.19	-	-	-	-
dabei	dabei	dabei	PAV	-	no	-	-	-	-	-
plinkte	blinkte	blinken	VVFIN	-	no	-	-	-	-	-
er	er	er	PPER	-	no	-	-	-	-	-
listich	listig	listig	ADJD	-	no	-	-	-	-	-
mit	mit	mit	APPR	-	no	-	-	-	-	-
den	den	der	ART	-	no	-	-	-	-	-
Augen	Augen	Auge	NN	-	no	-	-	-	-	-
,	,	--	$,	-	no	-	-	-	-	-
denn	denn	denn	ADV	-	no	indirect freeIndirect.speech.19	-	-	-	-
habe	habe	haben	VAFIN	-	no	indirect freeIndirect.speech.19	-	-	-	-
man	man	man	PIS	-	no	indirect freeIndirect.speech.19	-	-	-	-
ja	ja	ja	ADV	-	no	indirect freeIndirect.speech.19	-	-	-	-
noch	noch	noch	ADV	-	no	indirect freeIndirect.speech.19	-	-	-	-
–	-	--	$(	-	no	indirect freeIndirect.speech.19	-	-	-	-
–	-	--	$(	-	no	indirect freeIndirect.speech.19	-	-	-	-
Kruppsche	Krüsche	Krüsche	ADJA	-	no	indirect freeIndirect.speech.19	-	-	-	-
Kanonen	.	--	$.	-	no	indirect freeIndirect.speech.19	-	-	-	-
.	.	--	$.	-	no	indirect freeIndirect.speech.19	-	-	-	-
Und	Und	und	KON	-	yes	indirect freeIndirect.speech.19	-	-	-	-
sie	sie	sie	PPER	-	no	indirect freeIndirect.speech.19	-	-	-	-
solle	solle	sollen	VMFIN	-	no	indirect freeIndirect.speech.19	-	-	-	-
man	man	man	PIS	-	no	indirect freeIndirect.speech.19	-	-	-	-
doch	doch	doch	ADV	-	no	indirect freeIndirect.speech.19	-	-	-	-
nich	nicht	nicht	PTKNEG	-	no	indirect freeIndirect.speech.19	-	-	-	-
so	so	so	ADV	-	no	indirect freeIndirect.speech.19	-	-	-	-
ßpröde	ßpröde	ßpröde	VVPP	-	no	indirect freeIndirect.speech.19	-	-	-	-
sein	sein	sein	VAINF	-	no	indirect freeIndirect.speech.19	-	-	-	-
und	und	und	KON	-	no	indirect freeIndirect.speech.19	-	-	-	-
ihn	ihn	ihn	PPER	-	no	indirect freeIndirect.speech.19	-	-	-	-
man	man	man	PIS	-	no	indirect freeIndirect.speech.19	-	-	-	-
'n	'n	ein	ART	-	no	indirect freeIndirect.speech.19	-	-	-	-
bischen	bisschen	bisschen	ADV	-	no	indirect freeIndirect.speech.19	-	-	-	-
begeistern	begeistern	begeistern	VVINF	-	no	indirect freeIndirect.speech.19	-	-	-	-
.	.	--	$.	-	no	indirect freeIndirect.speech.19	-	-	-	-
–	-	--	$(	-	yes	indirect freeIndirect.speech.19	-	-	-	-
»	&quot;	&quot;	$(	-	yes	direct.thought.2	-	-	-	-
Er	Er	er	PPER	-	no	direct.thought.2	frame.21	speaker.21	-	-
weiß	weiß	weiß	VVFIN	-	no	direct.thought.2	frame.21	-	intexpr.21	-
nich	nicht	nicht	PTKNEG	-	no	direct.thought.2	frame.21	-	-	-
,	,	--	$,	-	no	direct.thought.2	frame.21	-	-	-
daß	daß	daß	KOUS	-	no	direct.thought.2|indirect.thought.21.nonfact.border=state	-	-	-	-
ich	ich	ich	PPER	-	no	direct.thought.2|indirect.thought.21.nonfact.border=state	-	-	-	-
valobt	valobt	valoben	NE	-	no	direct.thought.2|indirect.thought.21.nonfact.border=state	-	-	-	-
bin	bin	sein	VAFIN	-	no	direct.thought.2|indirect.thought.21.nonfact.border=state	-	-	-	-
,	,	--	$,	-	no	direct.thought.2	-	-	-	-
«	&quot;	&quot;	$(	-	no	direct.thought.2	-	-	-	-
dachte	dachte	denken	VVFIN	-	no	-	frame.2	-	intexpr.2	-
sie	sie	sie	PPER	-	no	-	frame.2	speaker.2	-	-
;	;	--	$.	-	no	-	frame.2	-	-	-
–	-	--	$(	-	no	-	-	-	-	-
–	-	--	$(	-	no	-	-	-	-	-
»	&quot;	&quot;	$(	-	no	direct.thought.2	-	-	-	-
küssen	küssen	küssen	VVINF	-	no	direct.thought.2	-	-	-	-
laß	laß	lassen	VVIMP	-	no	direct.thought.2	-	-	-	-
ich	ich	ich	PPER	-	no	direct.thought.2	-	-	-	-
mir	mir	sich	PPER	-	no	direct.thought.2	-	-	-	-
,	,	--	$,	-	no	direct.thought.2	-	-	-	-
ach	ach	ach	XY	-	no	direct.thought.2	-	-	-	-
watt	watt	watt	NE	-	no	direct.thought.2	-	-	-	-
,	,	--	$,	-	no	direct.thought.2	-	-	-	-
–	-	--	$(	-	no	direct.thought.2	-	-	-	-
–	-	--	$(	-	no	direct.thought.2	-	-	-	-
awa	awa	awa	NE	-	no	direct.thought.2	-	-	-	-
mehr	mehr	mehr	ADV	-	no	direct.thought.2	-	-	-	-
nich	nicht	nicht	PTKNEG	-	no	direct.thought.2	-	-	-	-
,	,	--	$,	-	no	direct.thought.2	-	-	-	-
«	&quot;	&quot;	$(	-	no	direct.thought.2	-	-	-	-
und	und	und	KON	-	no	-	-	-	-	-
sie	sie	sie	PPER	-	no	-	-	-	-	-
schmiechte	schmiege	schmiegen	VVFIN	-	no	-	-	-	-	-
sich	sich	sich	PRF	-	no	-	-	-	-	-
dichte	dichte	dichen	ADJA	-	no	-	-	-	-	-
an	an	an	APPR	-	no	-	-	-	-	-
ihm	ihm	ihm	PPER	-	no	-	-	speaker.8	-	-
.	.	--	$.	-	no	-	-	-	-	-
Achch	Ach	Ach	ITJ	-	yes	direct.speech.4	-	-	-	-
ja	ja	ja	ITJ	-	no	direct.speech.4	-	-	-	-
,	,	--	$,	-	no	direct.speech.4	-	-	-	-
schreibe	schreibe	schreiben	VVFIN	-	no	direct.speech.4|reported.writing.8	-	-	intexpr.8	-
'n	'n	ein	ART	-	no	direct.speech.4|reported.writing.8	-	-	-	-
Buch	Buch	Buch	NN	-	no	direct.speech.4|reported.writing.8	-	-	-	-
für	für	für	APPR	-	no	direct.speech.4|reported.writing.8	-	-	-	-
die	die	der	ART	-	no	direct.speech.4|reported.writing.8	-	-	-	-
Deutsche	Deutsche	deutsch	ADJA	-	no	direct.speech.4|reported.writing.8	-	-	-	-
Wiedergeburt	Wiedergeburt	Wiedergeburt	NN	-	no	direct.speech.4|reported.writing.8	-	-	-	-
,	,	--	$,	-	no	direct.speech.4	-	-	-	-
«	&quot;	&quot;	$(	-	no	direct.speech.4	-	-	-	-
saachte	sachte	sachen	ADJA	-	no	-	frame.4	-	intexpr.4	-
sie	sie	sie	PPER	-	no	-	frame.4	speaker.4	-	-
denn	denn	denn	ADV	-	no	-	frame.4	-	-	-
,	,	--	$,	-	no	-	frame.4	-	-	-
»	&quot;	&quot;	$(	-	no	direct.speech.4	-	-	-	-
das	das	der	ART	-	no	direct.speech.4	-	-	-	-
is	is	--	FM	-	no	direct.speech.4	-	-	-	-
so	so	so	ADV	-	no	direct.speech.4	-	-	-	-
süß	süß	süß	ADJD	-	no	direct.speech.4	-	-	-	-
.	.	--	$.	-	no	direct.speech.4	-	-	-	-
«	&quot;	&quot;	$(	-	no	direct.speech.4	-	-	-	-
Da	Da	da	ADV	-	yes	-	-	-	-	-
kam	kam	kommen	VVFIN	-	no	-	-	-	-	-
mit	mit	mit	APPR	-	no	-	-	-	-	-
eins	eins	eins	PIS	-	no	-	-	-	-	-
wieder	wieder	wieder	ADV	-	no	-	-	-	-	-
das	das	der	ART	-	no	-	-	-	-	-
verdammte	verdammte	verdammt	ADJA	-	no	-	-	-	-	-
Schwalbenpaar	Schwalbenpaar	Schwalbenpaar	NN	-	no	-	-	-	-	-
und	und	und	KON	-	no	-	-	-	-	-
flooch	flooch	flooch	NN	-	no	-	-	-	-	-
dicht	dicht	dicht	ADJD	-	no	-	-	-	-	-
an	an	an	APPR	-	no	-	-	-	-	-
ihr	ihr	ihr	PPOSAT	-	no	-	-	-	-	-
Knie	Knie	Knie	NN	-	no	-	-	-	-	-
,	,	--	$,	-	no	-	-	-	-	-
und	und	und	KON	-	no	-	-	-	-	-
er	er	er	PPER	-	no	-	-	-	-	-
haschte	haschte	haschen	VVFIN	-	no	-	-	-	-	-
nach	nach	nach	PTKVZ	-	no	-	-	-	-	-
.	.	--	$.	-	no	-	-	-	-	-
»	&quot;	&quot;	$(	-	yes	direct.speech.5	-	-	-	-
Awa	Awa	Awa	NE	-	no	direct.speech.5	-	-	-	-
Kuddl	Kuddl	Kuddl	NE	-	no	direct.speech.5	-	-	-	-
,	&quot;	&quot;	$(	-	no	direct.speech.5	-	-	-	-
«	&quot;	&quot;	$(	-	no	direct.speech.5	-	-	-	-
saachte	sachte	sachen	ADJA	-	no	-	frame.5	-	intexpr.5	-
sie	sie	sie	PPER	-	no	-	frame.5	speaker.5	-	-
man	man	man	PIS	-	no	-	frame.5	-	-	-
bloß	bloß	bloß	ADV	-	no	-	frame.5	-	-	-
.	.	--	$.	-	no	-	frame.5	-	-	-
–	-	--	$(	-	yes	-	-	-	-	-
Denn	Denn	denn	KON	-	yes	-	frame.6	-	-	-
ßpäter	ßpäter	ßpät	NE	-	no	-	frame.6	-	-	-
aber	aber	aber	ADV	-	no	-	frame.6	-	-	-
schrie	schrie	schreien	VVFIN	-	no	-	frame.6	-	intexpr.6	-
sie	sie	sie	PPER	-	no	-	frame.6	speaker.6	-	-
laut	laut	laut	ADJD	-	no	-	frame.6	-	-	-
auf	auf	auf	APPR	-	no	-	frame.6	-	-	-
in	in	in	APPR	-	no	-	frame.6	-	-	-
ihre	ihre	ihr	PPOSAT	-	no	-	frame.6	-	-	-
Angst	Angst	Angst	NN	-	no	-	frame.6	-	-	-
:	:	--	$.	-	no	-	frame.6	-	-	-
»	&quot;	&quot;	$(	-	no	direct.speech.6	-	-	-	-
Kuddl	Kuddl	Kuddl	NE	-	no	direct.speech.6	-	-	-	-
mich	mich	mich	PPER	-	no	direct.speech.6	-	-	-	-
heute	heute	heute	ADV	-	no	direct.speech.6	-	-	-	-
,	,	--	$,	-	no	direct.speech.6	-	-	-	-
weißt	weißt	weißen	VVFIN	-	no	direct.speech.6|reported.thought.22.nonfact.prag	-	-	intexpr.22	-
du	du	du	PPER	-	no	direct.speech.6|reported.thought.22.nonfact.prag	-	speaker.22	-	-
–	-	--	$(	-	no	direct.speech.6	-	-	-	-
–	-	--	$(	-	no	direct.speech.6	-	-	-	-
–	-	--	$(	-	no	direct.speech.6	-	-	-	-
,	,	--	$,	-	no	direct.speech.6	-	-	-	-
morgen	morgen	morgen	ADV	-	no	direct.speech.6	-	-	-	-
vielleicht	vielleicht	vielleicht	ADV	-	no	direct.speech.6	-	-	-	-
–	-	--	$(	-	no	direct.speech.6	-	-	-	-
üwamorgen	üwamorgen	üwamorgen	NE	-	no	direct.speech.6	-	-	-	-
.	.	--	$.	-	no	direct.speech.6	-	-	-	-
Kuddl	Kuddl	Kuddl	NE	-	yes	direct.speech.6	-	-	-	-
,	,	--	$,	-	no	direct.speech.6	-	-	-	-
laß	laß	lassen	VVIMP	-	no	direct.speech.6	-	-	-	-
nachch	nach	nach	PTKVZ	-	no	direct.speech.6	-	-	-	-
.	.	--	$.	-	no	direct.speech.6	-	-	-	-
Man	Man	man	PIS	-	yes	direct.speech.6	-	-	-	-
bloß	bloß	bloß	ADV	-	no	direct.speech.6	-	-	-	-
kieken	kieken	kieken	VVINF	-	no	direct.speech.6	-	-	-	-
,	,	--	$,	-	no	direct.speech.6	-	-	-	-
bütte	Bütte	Bütte	NN	-	no	direct.speech.6	-	-	-	-
,	,	--	$,	-	no	direct.speech.6	-	-	-	-
ach	ach	ach	ITJ	-	no	direct.speech.6	-	-	-	-
,	,	--	$,	-	no	direct.speech.6	-	-	-	-
bütte	Bütte	Bütte	NN	-	no	direct.speech.6	-	-	-	-
.	.	--	$.	-	no	direct.speech.6	-	-	-	-
«	&quot;	&quot;	$(	-	no	direct.speech.6	-	-	-	-
Und	Und	und	KON	-	yes	-	frame.7	-	-	-
dann	dann	dann	ADV	-	no	-	frame.7	-	-	-
ßprang	ßprang	ßpringen	VVFIN	-	no	-	frame.7	-	-	-
sie	sie	sie	PPER	-	no	-	frame.7	speaker.7	-	-
mit	mit	mit	APPR	-	no	-	frame.7	-	-	-
eins	eins	eins	PIS	-	no	-	frame.7	-	-	-
auf	auf	auf	PTKVZ	-	no	-	frame.7	-	-	-
:	:	--	$.	-	no	-	frame.7	-	-	-
»	&quot;	&quot;	$(	-	yes	direct.speech.7	-	-	-	-
Kuddl	Kuddl	Kuddl	NE	-	no	direct.speech.7	-	-	-	-
,	,	--	$,	-	no	direct.speech.7	-	-	-	-
achott	achott	achott	NE	-	no	direct.speech.7	-	-	-	-
,	,	--	$,	-	no	direct.speech.7	-	-	-	-
ich	ich	ich	PPER	-	no	direct.speech.7	frame.23	speaker.23	-	-
glaube	glaube	glauben	VVFIN	-	no	direct.speech.7	frame.23	-	intexpr.23	-
,	,	--	$,	-	no	direct.speech.7	frame.23	-	-	-
's	es	es	PPER	-	no	direct.speech.7|indirect.thought.23	-	-	-	-
kommt	kommt	kommen	VVFIN	-	no	direct.speech.7|indirect.thought.23	-	-	-	-
wer	wer	wer	PWS	-	no	direct.speech.7|indirect.thought.23	-	-	-	-
.	.	--	$.	-	no	direct.speech.7|indirect.thought.23	-	-	-	-
«	&quot;	&quot;	$(	-	no	direct.speech.7	-	-	-	-
Und	Und	und	KON	-	yes	-	-	-	-	-
richtich	richtig	richtig	ADJD	-	no	-	-	-	-	-
ging	ging	gehen	VVFIN	-	no	-	-	-	-	-
da	da	da	ADV	-	no	-	-	-	-	-
aufgetakelt	aufgetakelt	auetakeln	VVPP	-	no	-	-	-	-	-
Triena	Trine	Trine	NE	-	no	-	-	-	-	-
Maartens	Maartens	Maartens	NE	-	no	-	-	-	-	-
mit	mit	mit	APPR	-	no	-	-	-	-	-
Willi	Willi	Willi	NE	-	no	-	-	-	-	-
Suhlsen	Suhlsen	Suhlse	NN	-	no	-	-	-	-	-
aus	aus	aus	APPR	-	no	-	-	-	-	-
Harwestehude	Harwestehude	Harwestehude	NE	-	no	-	-	-	-	-
übers	übers	über	APPRART	-	no	-	-	-	-	-
Moor	Moor	Moor	NN	-	no	-	-	-	-	-
.	.	--	$.	-	no	-	-	-	-	-
Kuddl	Kuddl	Kuddl	NE	-	yes	-	-	-	-	-
kanntese	kanntese	kanntesen	NE	-	no	-	-	-	-	-
von	von	von	APPR	-	no	-	-	-	-	-
Hamburch	Hamburch	Hamburch	NE	-	no	-	-	-	-	-
.	.	--	$.	-	no	-	-	-	-	-
–	-	--	$(	-	yes	-	-	-	-	-
»	&quot;	&quot;	$(	-	yes	direct.speech.10	-	-	-	-
Dat	Das	der	ART	-	no	direct.speech.10	-	-	-	-
Bödelsch	Bödelsch	Bödelsch	NE	-	no	direct.speech.10	-	-	-	-
,	,	--	$,	-	no	direct.speech.10	-	-	-	-
«	&quot;	&quot;	$(	-	no	direct.speech.10	-	-	-	-
saachte	sachte	sachen	ADJA	-	no	-	frame.10	-	intexpr.10	-
er	er	er	PPER	-	no	-	frame.10	speaker.10	-	-
ärgerlich	ärgerlich	ärgerlich	ADJD	-	no	-	frame.10	-	-	-
»	&quot;	&quot;	$(	-	no	direct.speech.10	-	-	-	-
ach	ach	ach	FM	-	no	direct.speech.10	-	-	-	-
watt	.	--	$.	-	no	direct.speech.10	-	-	-	-
.	.	--	$.	-	no	direct.speech.10	-	-	-	-
«	&quot;	&quot;	$(	-	no	direct.speech.10	-	-	-	-
Und	Und	und	KON	-	yes	-	frame.11	-	-	-
dann	dann	dann	ADV	-	no	-	frame.11	-	-	-
fraachte	frachte	frachen	VVFIN	-	no	-	frame.11	-	intexpr.11	-
er	er	er	PPER	-	no	-	frame.11	speaker.11	-	-
Heinke	Heinke	Heinke	NE	-	no	-	frame.11	-	-	-
:	:	--	$.	-	no	-	frame.11	-	-	-
»	&quot;	&quot;	$(	-	yes	direct.speech.11	-	-	-	-
Also	Also	also	ADV	-	no	direct.speech.11	-	-	-	-
morgen	morgen	morgen	ADV	-	no	direct.speech.11	-	-	-	-
wieder	wieder	wieder	ADV	-	no	direct.speech.11	-	-	-	-
?	?	--	$.	-	no	direct.speech.11	-	-	-	-
«	&quot;	&quot;	$(	-	no	direct.speech.11	-	-	-	-
Heinke	Heinke	Heinke	NE	-	yes	-	-	-	-	-
ßprang	ßprang	ßpringen	NE	-	no	-	-	-	-	-
nach	nach	nach	APPR	-	no	-	-	-	-	-
dem	dem	der	ART	-	no	-	-	-	-	-
Lohweg	Lohweg	Lohweg	NN	-	no	-	-	-	-	-
.	.	--	$.	-	no	-	-	-	-	-
»	&quot;	&quot;	$(	-	yes	direct.speech.12	-	-	-	-
Geerne	gerne	gerne	ADV	-	no	direct.speech.12	-	-	-	-
,	,	--	$,	-	no	direct.speech.12	-	-	-	-
«	&quot;	&quot;	$(	-	no	direct.speech.12	-	-	-	-
saachte	sachte	sachen	ADJA	-	no	-	frame.12	-	intexpr.12	-
sie	sie	sie	PPER	-	no	-	frame.12	speaker.12	-	-
,	,	--	$,	-	no	-	frame.12	-	-	-
»	&quot;	&quot;	$(	-	no	direct.speech.12	-	-	-	-
geerne	gerne	gerne	ADV	-	no	direct.speech.12	-	-	-	-
.	.	--	$.	-	no	direct.speech.12	-	-	-	-
«	&quot;	&quot;	$(	-	no	direct.speech.12	-	-	-	-
–	-	--	$(	-	yes	-	-	-	-	-
–	-	--	$(	-	no	-	-	-	-	-
–	-	--	$(	-	no	-	-	-	-	-
–	-	--	$(	-	no	-	-	-	-	-
–	-	--	$(	-	no	-	-	-	-	-
–	-	--	$(	-	no	-	-	-	-	-
–	-	--	$(	-	no	-	-	-	-	-
–	-	--	$(	-	no	-	-	-	-	-
–	-	--	$(	-	no	-	-	-	-	-
–	-	--	$(	-	no	-	-	-	-	-
–	-	--	$(	-	no	-	-	-	-	-
–	-	--	$(	-	no	-	-	-	-	-
–	-	--	$(	-	no	-	-	-	-	-
–	-	--	$(	-	no	-	-	-	-	-
–	-	--	$(	-	no	-	-	-	-	-
–	-	--	$(	-	no	-	-	-	-	-
–	-	--	$(	-	no	-	-	-	-	-
–	-	--	$(	-	no	-	-	-	-	-
–	-	--	$(	-	no	-	-	-	-	-
–	-	--	$(	-	no	-	-	-	-	-
–	-	--	$(	-	no	-	-	-	-	-
–	-	--	$(	-	no	-	-	-	-	-
–	-	--	$(	-	no	-	-	-	-	-
–	-	--	$(	-	no	-	-	-	-	-
–	-	--	$(	-	no	-	-	-	-	-
–	-	--	$(	-	no	-	-	-	-	-
–	-	--	$(	-	no	-	-	-	-	-
–	-	--	$(	-	no	-	-	-	-	-
Kuddl	Kuddl	Kuddl	NE	-	yes	-	-	speaker.24_25	-	-
Twintichsöth	Twintichsöth	Twintichsöth	NE	-	no	-	-	speaker.24_25	-	-
setzte	setzte	setzen	VVFIN	-	no	-	-	-	-	-
sich	sich	sich	PRF	-	no	-	-	-	-	-
–	-	--	$(	-	no	-	-	-	-	-
angeregt	angeregt	anregen	VVPP	-	no	-	-	-	-	-
von	von	von	APPR	-	no	-	-	-	-	-
dem	dem	der	ART	-	no	-	-	-	-	-
,	,	--	$,	-	no	-	-	-	-	-
was	was	was	PRELS	-	no	-	-	-	-	-
er	er	er	PPER	-	no	-	-	-	-	-
gesehen	gesehen	sehen	VVPP	-	no	-	-	-	-	-
,	,	--	$,	-	no	-	-	-	-	-
–	-	--	$(	-	no	-	-	-	-	-
noch	noch	noch	ADV	-	no	-	-	-	-	-
abends	abends	abends	ADV	-	no	-	-	-	-	-
an	an	an	APPR	-	no	-	-	-	-	-
die	die	der	ART	-	no	-	-	-	-	-
Arbeit	Arbeit	Arbeit	NN	-	no	-	-	-	-	-
und	und	und	KON	-	no	reported.writing.24	-	-	-	-
dichtete	dichtete	dichten	VVFIN	-	no	reported.writing.24	-	speaker.24	-	-
immerlos	emmerlos	emmerlos	ADJD	-	no	reported.writing.24	-	-	-	-
,	,	--	$,	-	no	reported.writing.24	-	-	-	-
–	-	--	$(	-	no	reported.writing.24	-	-	-	-
–	-	--	$(	-	no	reported.writing.24	-	-	-	-
zuerst	zuerst	zuerst	ADV	-	no	reported.writing.24	-	-	-	-
in	in	in	APPR	-	no	reported.writing.24	-	-	-	-
Kladde	Kladde	Kladde	NN	-	no	reported.writing.24	-	-	-	-
und	und	und	KON	-	no	reported.writing.24	-	-	-	-
denn	denn	denn	ADV	-	no	reported.writing.24	-	-	-	-
erst	erst	erst	ADV	-	no	reported.writing.24	-	-	-	-
ins	ins	in	APPRART	-	no	reported.writing.24	-	-	-	-
Reine	Reine	Reine	NN	-	no	reported.writing.24	-	-	-	-
.	.	--	$.	-	no	reported.writing.24	-	-	-	-
Klierte	Klierte	klierte	VVFIN	-	yes	reported.writing.25	-	-	intexpr.25	-
so	so	so	ADV	-	no	reported.writing.25	-	-	-	-
Seite	Seite	Seite	NN	-	no	reported.writing.25	-	-	-	-
um	um	um	APPR	-	no	reported.writing.25	-	-	-	-
Seite	Seite	Seite	NN	-	no	reported.writing.25	-	-	-	-
und	und	und	KON	-	no	-	-	-	-	-
reihte	reihte	reihen	VVFIN	-	no	-	-	-	-	-
Tüntjes	Tüntjes	Tüntjes	NE	-	no	-	-	-	-	-
an	an	an	APPR	-	no	-	-	-	-	-
Tüntjes	Tüntjes	Tüntje	NE	-	no	-	-	-	-	-
.	.	--	$.	-	no	-	-	-	-	-
–	-	--	$(	-	yes	-	-	-	-	-
Links	Links	links	ADV	-	yes	-	-	-	-	-
hatte	hatte	haben	VAFIN	-	no	-	-	-	-	-
er	er	er	PPER	-	no	-	-	-	-	-
das	das	der	ART	-	no	-	-	-	-	-
Adressenbuch	Adressenbuch	Adressenbuch	NN	-	no	-	-	-	-	-
von	von	von	APPR	-	no	-	-	-	-	-
Lübeck	Lübeck	Lübeck	NE	-	no	-	-	-	-	-
und	und	und	KON	-	no	-	-	-	-	-
Hamburch	Hamburch	Hamburch	NE	-	no	-	-	-	-	-
(	(	--	$(	-	no	-	-	-	-	-
er	er	er	PPER	-	no	-	-	-	-	-
brauchte	brauchte	brauchen	VVFIN	-	no	-	-	-	-	-
doch	doch	doch	ADV	-	no	-	-	-	-	-
10000	10000	10000	CARD	-	no	-	-	-	-	-
Namen	Namen	Name	NN	-	no	-	-	-	-	-
)	)	--	$(	-	no	-	-	-	-	-
und	und	und	KON	-	no	-	-	-	-	-
rechts	rechts	rechts	ADV	-	no	-	-	-	-	-
die	die	der	ART	-	no	-	-	-	-	-
Bibel	Bibel	Bibel	NN	-	no	-	-	-	-	-
–	-	--	$(	-	no	-	-	-	-	-
da	da	da	ADV	-	no	-	-	-	-	-
hatte	hatte	haben	VAFIN	-	no	-	-	-	-	-
er	er	er	PPER	-	no	-	-	-	-	-
sich	sich	sich	PRF	-	no	-	-	-	-	-
nu	nun	nun	ADV	-	no	-	-	-	-	-
schon	schon	schon	ADV	-	no	-	-	-	-	-
früher	früher	früh	ADJD	-	no	-	-	-	-	-
durchgefressen	durchgefressen	durchgefressen	VVPP	-	no	-	-	-	-	-
und	und	und	KON	-	no	-	-	-	-	-
allens	alles	alle	PIAT	-	no	-	-	speaker.26	-	-
wechgeßtrichen	wechgeßtrichen	wechgeßtrich	NN	-	no	-	-	-	-	-
,	,	--	$,	-	no	-	-	-	-	-
was	was	was	PRELS	-	no	-	-	-	-	-
einer	einer	ein	ART	-	no	-	-	-	-	-
esoterischen	esoterischen	esoterisch	ADJA	-	no	-	-	-	-	-
Bedeutung	Bedeutung	Bedeutung	NN	-	no	-	-	-	-	-
glich	glich	glich	VVFIN	-	no	-	-	-	-	-
oder	oder	oder	KON	-	no	reported.speech.26.metaph	-	-	-	-
im	im	in	APPRART	-	no	reported.speech.26.metaph	-	-	-	-
Sinne	Sinne	Sinn	NN	-	no	reported.speech.26.metaph	-	-	-	-
gnostischer	gnostischer	gnostisch	ADJA	-	no	reported.speech.26.metaph	-	-	-	-
tiefsinniger	tiefsinniger	tiefsinnig	ADJA	-	no	reported.speech.26.metaph	-	-	-	-
Symbole	Symbole	Symbol	NN	-	no	reported.speech.26.metaph	-	-	-	-
sprach	sprach	sprechen	VVFIN	-	no	reported.speech.26.metaph	-	-	intexpr.26	-
.	.	--	$.	-	no	reported.speech.26.metaph	-	-	-	-
–	-	--	$(	-	yes	-	-	-	-	-
Und	Und	und	KON	-	yes	-	-	-	-	-
denn	denn	denn	ADV	-	no	-	-	-	-	-
wurden	wurden	werden	VAFIN	-	no	-	-	-	-	-
ihm	ihm	ihm	PPER	-	no	-	-	-	-	-
die	die	der	ART	-	no	-	-	-	-	-
Lider	Lider	Lider	NN	-	no	-	-	-	-	-
schwer	.	--	$.	-	no	-	-	-	-	-
.	.	--	$.	-	no	-	-	-	-	-
Er	Er	er	PPER	-	yes	-	-	-	-	-
löste	löste	lösen	VVFIN	-	no	-	-	-	-	-
noch	noch	noch	ADV	-	no	-	-	-	-	-
rasch	rasch	rasch	ADJD	-	no	-	-	-	-	-
das	das	der	ART	-	no	-	-	-	-	-
Welträtsel	Welträtsel	Welträtsel	NN	-	no	-	-	-	-	-
und	und	und	KON	-	no	-	-	-	-	-
schlief	schlief	schlaufen	VVFIN	-	no	-	-	-	-	-
denn	denn	denn	ADV	-	no	-	-	-	-	-
ein	ein	ein	PTKVZ	-	no	-	-	-	-	-
.	.	--	$.	-	no	-	-	-	-	-
Und	Und	und	KON	-	yes	-	-	-	-	-
hatte	hatte	haben	VAFIN	-	no	-	-	-	-	-
'n	'n	ein	ART	-	no	-	-	-	-	-
wunderlichen	wunderlichen	wunderlich	ADJA	-	no	-	-	-	-	-
Traum	Traum	Traum	NN	-	no	-	-	-	-	-
denn	denn	denn	ADV	-	no	-	-	-	-	-
.	.	--	$.	-	no	-	-	-	-	-
'n	'n	ein	ART	-	yes	reported.speech.27	-	-	-	-
norddeutschen	norddeutschen	norddeutsch	ADJA	-	no	reported.speech.27	-	-	-	-
Engel	Engel	Engel	NN	-	no	reported.speech.27	-	speaker.27	-	-
1	1	1	CARD	-	yes	reported.speech.27	-	-	-	note
hatte	hatte	haben	VAFIN	-	yes	reported.speech.27	-	-	-	-
ihn	ihn	ihn	PPER	-	no	reported.speech.27	-	-	-	-
mit	mit	mit	APPR	-	no	reported.speech.27	-	-	-	-
verengte	verengte	verengen	ADJA	-	no	reported.speech.27	-	-	-	-
Kehle	Kehle	Kehle	NN	-	no	reported.speech.27	-	-	-	-
beim	beim	bei	APPRART	-	no	reported.speech.27	-	-	-	-
Namen	Namen	Name	NN	-	no	reported.speech.27	-	-	-	-
gerufen	gerufen	rufen	VVPP	-	no	reported.speech.27	-	-	intexpr.27	-
.	.	--	$.	-	no	reported.speech.27	-	-	-	-
»	&quot;	&quot;	$(	-	yes	direct.speech.14	-	-	-	-
Kiek	Kiek	Kiek	NE	-	no	direct.speech.14	-	-	-	-
ma	ma	ma	NE	-	no	direct.speech.14	-	-	-	-
!	!	--	$.	-	no	direct.speech.14	-	-	-	-
«	&quot;	&quot;	$(	-	no	direct.speech.14	-	-	-	-
hatte	hatte	haben	VAFIN	-	no	-	frame.14	-	-	-
er	er	er	PPER	-	no	-	frame.14	speaker.14	-	-
gesaacht	gesaacht	saachen	NE	-	no	-	frame.14	-	intexpr.14	-
und	und	und	KON	-	no	-	-	-	-	-
auf	auf	auf	APPR	-	no	-	-	-	-	-
ne	ne	n	NE	-	no	-	-	-	-	-
Kruppsche	Krüsche	Krüsch	ADJA	-	no	-	-	-	-	-
Kanone	Kanone	Kanone	NN	-	no	-	-	-	-	-
gezeigt	gezeigt	zeigen	VVPP	-	no	-	-	-	-	-
,	,	--	$,	-	no	-	-	-	-	-
die	die	der	PRELS	-	no	-	-	-	-	-
voll	voll	voll	ADJD	-	no	-	-	-	-	-
mit	mit	mit	APPR	-	no	-	-	-	-	-
seinen	seinen	sein	PPOSAT	-	no	-	-	-	-	-
–	-	--	$(	-	no	-	-	-	-	-
Kuddl	Kuddl	Kuddl	FM	-	no	-	-	-	-	-
Twintichsöths	Twintichsöths	Twintichsöth	FM	-	no	-	-	-	-	-
–	-	--	$(	-	no	-	-	-	-	-
Werken	Werken	Werk	NN	-	no	-	-	-	-	-
war	war	sein	VAFIN	-	no	-	-	-	-	-
,	,	--	$,	-	no	-	-	-	-	-
und	und	und	KON	-	no	-	-	-	-	-
'n	'n	ein	ART	-	no	-	-	-	-	-
Zettel	Zettel	Zettel	NN	-	no	-	-	speaker.28	-	-
ßtach	ßtach	ßtach	NE	-	no	-	-	-	-	-
da	da	da	ADV	-	no	-	-	-	-	-
an	an	an	APPR	-	no	-	-	-	-	-
mit	mit	mit	APPR	-	no	-	-	-	-	-
den	den	der	ART	-	no	-	-	-	-	-
Worten	Worten	Wort	NN	-	no	-	-	-	-	-
:	:	--	$.	-	no	-	-	-	-	-
Hilligenlei	Hilligenlei	Hilligenlei	NE	-	yes	direct.writing.28	-	-	-	-
,	,	--	$,	-	no	direct.writing.28	-	-	-	-
oder	oder	oder	KON	-	no	direct.writing.28	-	-	-	-
die	die	der	ART	-	no	direct.writing.28	-	-	-	-
Bibel	Bibel	Bibel	NN	-	no	direct.writing.28	-	-	-	-
mit	mit	mit	APPR	-	no	direct.writing.28	-	-	-	-
Tüntjes	Tüntjes	Tüntjes	NE	-	no	direct.writing.28	-	-	-	-
verziert	verziert	verzieren	VVPP	-	no	direct.writing.28	-	-	-	-
.	.	--	$.	-	yes	direct.writing.28	-	-	-	-
Ein	Ein	ein	ART	-	yes	direct.writing.28	-	-	-	-
Anregungsbuch	Anregungsbuch	Anregungsbuch	NN	-	no	direct.writing.28	-	-	-	-
für	für	für	APPR	-	no	direct.writing.28	-	-	-	-
die	die	der	ART	-	no	direct.writing.28	-	-	-	-
deutsche	deutsche	deutsch	ADJA	-	no	direct.writing.28	-	-	-	-
Hausfrau	Hausfrau	Hausfrau	NN	-	no	direct.writing.28	-	-	-	-
.	.	--	$.	-	no	direct.writing.28	-	-	-	-
Von	Von	von	APPR	-	yes	direct.writing.28	-	-	-	-
Kuddl	Kuddl	Kuddl	NE	-	no	direct.writing.28	-	-	-	-
Twintichsöth	Twintichsöth	Twintichsöth	XY	-	no	direct.writing.28	-	-	-	-
=		_	XY	-	no	direct.writing.28	-	-	-	-
Dichter	Dichter	Dichter	NN	-	no	direct.writing.28	-	-	-	-
und	und	und	KON	-	no	direct.writing.28	-	-	-	-
Pastor	Pastor	Pastor	NN	-	no	direct.writing.28	-	-	-	-
.	.	--	$.	-	no	direct.writing.28	-	-	-	-
Und	Und	und	KON	-	yes	-	frame.15	-	-	-
denn	denn	denn	ADV	-	no	-	frame.15	-	-	-
hob	hob	heben	VVFIN	-	no	-	frame.15	-	-	-
der	der	der	ART	-	no	-	frame.15	-	-	-
Engel	Engel	Engel	NN	-	no	-	frame.15	speaker.15	-	-
den	den	der	ART	-	no	-	frame.15	-	-	-
Finger	Finger	Finger	NN	-	no	-	frame.15	-	-	-
und	und	und	KON	-	no	-	frame.15	-	-	-
saachte	sachte	sachen	ADJA	-	no	-	frame.15	-	intexpr.15	-
schalkhaft	schalkhaft	schalkhaft	ADJD	-	no	-	frame.15	-	-	-
–	-	--	$(	-	no	-	frame.15	-	-	-
auf	auf	auf	APPR	-	no	-	frame.15	-	-	-
daß	daß	daß	KOUS	-	no	-	frame.15	-	-	-
die	die	der	ART	-	no	-	frame.15	-	-	-
Prophezeiung	Prophezeiung	Prophezeiung	NN	-	no	-	frame.15	-	-	-
von	von	von	APPR	-	no	-	frame.15	-	-	-
Kapietel	Kapitel	Kapitel	NN	-	no	-	frame.15	-	-	-
7	7	7	CARD	-	no	-	frame.15	-	-	-
erfüllt	erfüllt	erfüllen	VVPP	-	no	-	frame.15	-	-	-
werde	werde	werden	VAFIN	-	no	-	frame.15	-	-	-
:	:	--	$.	-	no	-	frame.15	-	-	-
»	&quot;	&quot;	$(	-	yes	direct.speech.15	-	-	-	-
Kuddl	Kuddl	Kuddl	NE	-	no	direct.speech.15	-	-	-	-
!	!	--	$.	-	no	direct.speech.15	-	-	-	-
Klei'-Di.	Klei'-Di.	Klei'-Di.	XY	-	yes	direct.speech.15	-	-	-	-
«	&quot;	&quot;	$(	-	no	direct.speech.15	-	-	-	-
und	und	und	KON	-	yes	-	-	-	-	-
verschwand	verschwand	verschwinden	VVFIN	-	no	-	-	-	-	-
.	.	--	$.	-	no	-	-	-	-	-
Fußnoten	Fußnoten	Fußnot	NN	-	yes	-	-	-	-	-
1	1	1	CARD	-	yes	-	-	-	-	note
Gabriel	Gabriel	Gabriel	NE	-	yes	-	-	-	-	note
»	&quot;	&quot;	$(	-	no	-	-	-	-	note
zwei	zwei	zwei	CARD	-	no	-	-	-	-	note
«	&quot;	&quot;	$(	-	no	-	-	-	-	note
Vierzehntes	Vierzehntes	vierzehnt	ADJA	-	yes	-	-	-	-	-
Kapietel	Kapitel	Kapitel	NN	-	no	-	-	-	-	-
Das	Das	der	ART	-	yes	-	-	-	-	-
Bacchanal	Bacchanal	Bacchanal	NN	-	no	-	-	-	-	-
Evoë	Evoē	Evoē	NE	-	yes	-	-	-	-	-
,	,	--	$,	-	no	-	-	-	-	-
Pastor	Pastor	Pastor	NN	-	no	-	-	-	-	-
Twintichsöth	Twintichsöth	Twintichsöth	NE	-	no	-	-	-	-	-
,	,	--	$,	-	no	-	-	-	-	-
Evoë	Evoē	Evoē	NE	-	no	-	-	-	-	-
.	.	--	$.	-	no	-	-	-	-	-
»	&quot;	&quot;	$(	-	yes	-	-	-	-	-
Hilligenlei	Hilligenlei	Hilligenlei	NE	-	no	-	-	-	-	-
«	&quot;	&quot;	$(	-	no	-	-	-	-	-
,	,	--	$,	-	no	-	-	-	-	-
so	so	so	ADV	-	no	-	-	-	-	-
hieß	hieß	heißen	VVFIN	-	no	-	-	-	-	-
denn	denn	denn	ADV	-	no	-	-	-	-	-
auch	auch	auch	ADV	-	no	-	-	-	-	-
das	das	der	ART	-	no	reported.writing.29	-	-	-	-
Buch	Buch	Buch	NN	-	no	reported.writing.29	-	-	-	-
,	,	--	$,	-	no	reported.writing.29	-	-	-	-
das	das	der	ART	-	no	reported.writing.29	-	-	-	-
Pastor	Pastor	Pastor	NN	-	no	reported.writing.29	-	speaker.29	-	-
Twintichsöth	Twintichsöth	Twintichsöth	NE	-	no	reported.writing.29	-	speaker.29	-	-
gedichtet	gedichtet	dichten	VVPP	-	no	reported.writing.29	-	-	intexpr.29	-
hatte	hatte	haben	VAFIN	-	no	reported.writing.29	-	-	-	-
,	,	--	$,	-	no	-	-	-	-	-
und	und	und	KON	-	no	-	-	-	-	-
das	das	der	ART	-	no	-	-	-	-	-
Lager	Lager	Lager	NN	-	no	-	-	-	-	-
der	der	der	ART	-	no	-	-	-	-	-
norddeutschen	norddeutschen	norddeutsch	ADJA	-	no	-	-	-	-	-
Hausfrau	Hausfrau	Hausfrau	NN	-	no	-	-	-	-	-
hallte	hallte	hallen	VVFIN	-	no	-	-	-	-	-
wieder	wieder	wieder	ADV	-	no	-	-	-	-	-
.	.	--	$.	-	no	-	-	-	-	-
Evoë	Evoē	Evoē	NE	-	yes	-	-	-	-	-
,	,	--	$,	-	no	-	-	-	-	-
Kuddl	Kuddl	Kuddl	NE	-	no	-	-	-	-	-
Twintichsöth	Twintichsöth	Twintichsöth	NE	-	no	-	-	-	-	-
,	,	--	$,	-	no	-	-	-	-	-
Evoë	Evoē	Evoē	NE	-	no	-	-	-	-	-
.	.	--	$.	-	no	-	-	-	-	-
War	War	Sein	VAFIN	-	yes	-	-	-	-	-
da	da	da	ADV	-	no	-	-	-	-	-
nich	nicht	nicht	PTKNEG	-	no	-	-	-	-	-
schwachz	schwachz	schwachz	NN	-	no	-	-	-	-	-
auf	auf	auf	APPR	-	no	-	-	-	-	-
weiß	weiß	weiß	VVFIN	-	no	-	-	-	-	-
das	das	der	ART	-	no	-	-	-	-	-
Welträtsel	Welträtsel	Welträtsel	NN	-	no	-	-	-	-	-
gelöst	gelöst	lösen	VVPP	-	no	-	-	-	-	-
!?!	!?!	!?!	$.	-	no	-	-	-	-	-
Und	Und	und	KON	-	yes	-	-	-	-	-
wie	wie	wie	PWAV	-	no	-	-	-	-	-
schlicht	schlicht	schlicht	ADJD	-	no	-	-	-	-	-
laach	lach	lach	VVIMP	-	no	-	-	-	-	-
es	es	es	PPER	-	no	-	-	-	-	-
nu	nun	nun	ADV	-	no	-	-	-	-	-
da	da	da	ADV	-	no	-	-	-	-	-
mit	mit	mit	APPR	-	no	-	-	-	-	-
eins	eins	eins	PIS	-	no	-	-	-	-	-
,	,	--	$,	-	no	-	-	-	-	-
das	das	der	ART	-	no	-	-	-	-	-
Evangelium	Evangelium	Evangelium	NN	-	no	-	-	-	-	-
!	!	--	$.	-	no	-	-	-	-	-
Pastor	Pastor	Pastor	NN	-	yes	-	frame.17	speaker.17	-	-
Twintichsöth	Twintichsöth	Twintichsöth	NE	-	no	-	frame.17	speaker.17	-	-
hatte	hatte	haben	VAFIN	-	no	-	frame.17	-	-	-
es	es	es	PPER	-	no	-	frame.17	-	-	-
mit	mit	mit	APPR	-	no	-	frame.17	-	-	-
mutigen	mutigen	mutig	ADJA	-	no	-	frame.17	-	-	-
Worten	Worten	Wort	NN	-	no	-	frame.17	-	-	-
gesaacht	gesaacht	saachen	NE	-	no	-	frame.17	-	intexpr.17	-
,	,	--	$,	-	no	-	frame.17	-	-	-
trotz	trotz	trotz	APPR	-	no	-	frame.17	-	-	-
Jakob	Jakob	Jakob	NE	-	no	-	frame.17	-	-	-
Böhme	Böhme	Böhme	NE	-	no	-	frame.17	-	-	-
,	,	--	$,	-	no	-	frame.17	-	-	-
Georg	Georg	Georg	NE	-	no	-	frame.17	-	-	-
Gichtel	Gichtel	Gichtel	NE	-	no	-	frame.17	-	-	-
,	,	--	$,	-	no	-	frame.17	-	-	-
Pordadge	Pordadge	Pordadge	NE	-	no	-	frame.17	-	-	-
und	und	und	KON	-	no	-	frame.17	-	-	-
Kerning	Kernig	Kernig	ADJD	-	no	-	frame.17	-	-	-
:	:	--	$.	-	no	-	frame.17	-	-	-
»	&quot;	&quot;	$(	-	yes	direct.speech.17	-	-	-	-
Jesus	Jesus	Jesus	NE	-	no	direct.speech.17	-	-	-	-
!	!	--	$.	-	no	direct.speech.17	-	-	-	-
Ach	Ach	Ach	ITJ	-	yes	direct.speech.17	-	-	-	-
,	,	--	$,	-	no	direct.speech.17	-	-	-	-
war	war	sein	VAFIN	-	no	direct.speech.17	-	-	-	-
doch	doch	doch	ADV	-	no	direct.speech.17	-	-	-	-
'n	'n	ein	ART	-	no	direct.speech.17	-	-	-	-
ganz	ganz	ganz	ADV	-	no	direct.speech.17	-	-	-	-
einfachen	einfachen	einfach	ADJA	-	no	direct.speech.17	-	-	-	-
Mann	Mann	Mann	NN	-	no	direct.speech.17	-	-	-	-
.	.	--	$.	-	no	direct.speech.17	-	-	-	-
Und	Und	und	KON	-	yes	direct.speech.17	-	-	-	-
die	die	der	ART	-	no	direct.speech.17	-	-	-	-
Bibel	Bibel	Bibel	NN	-	no	direct.speech.17	-	-	-	-
?	?	--	$.	-	no	direct.speech.17	-	-	-	-
'n	'n	ein	NE	-	yes	direct.speech.17	-	-	-	-
schön	schön	schön	ADJD	-	no	direct.speech.17	-	-	-	-
,	,	--	$,	-	no	direct.speech.17	-	-	-	-
awa	awa	awa	NE	-	no	direct.speech.17	-	-	-	-
ungeordnet	ungeordnet	unordnen	ADJD	-	no	direct.speech.17	-	-	-	-
Buch	Buch	Buch	NN	-	no	direct.speech.17	-	-	-	-
,	,	--	$,	-	no	direct.speech.17	-	-	-	-
nöch	noch	noch	ADV	-	no	direct.speech.17	-	-	-	-
?	?	--	$.	-	no	direct.speech.17	-	-	-	-
Muß	Muß	Müssen	VMFIN	-	yes	direct.speech.17	-	-	-	-
ma	ma	ma	NE	-	no	direct.speech.17	-	-	-	-
geordnet	geordnet	ordnen	VVPP	-	no	direct.speech.17	-	-	-	-
werden	werden	werden	VAINF	-	no	direct.speech.17	-	-	-	-
,	,	--	$,	-	no	direct.speech.17	-	-	-	-
nöch	noch	noch	ADV	-	no	direct.speech.17	-	-	-	-
?	?	--	$.	-	no	direct.speech.17	-	-	-	-
Und	Und	und	KON	-	yes	direct.speech.17	-	-	-	-
das	das	der	ART	-	no	direct.speech.17	-	-	-	-
Gleichnis	Gleichnis	Gleichnis	NN	-	no	direct.speech.17	-	-	-	-
vom	vom	von	APPRART	-	no	direct.speech.17	-	-	-	-
valornen	valornen	valornen	ADJA	-	no	direct.speech.17	-	-	-	-
Sohn	Sohn	Sohn	NN	-	no	direct.speech.17	-	-	-	-
?!	?!	?!	$.	-	no	direct.speech.17	-	-	-	-
Achott	Achott	Achott	NE	-	yes	direct.speech.17	-	-	-	-
,	,	--	$,	-	no	direct.speech.17	-	-	-	-
hat	hat	haben	VAFIN	-	no	direct.speech.17	-	-	-	-
Jesus	Jesus	Jesus	NE	-	no	direct.speech.17	-	-	-	-
als	als	als	KOUS	-	no	direct.speech.17	-	-	-	-
Kind	Kind	Kind	NN	-	no	direct.speech.17	-	-	-	-
ma	ma	ma	NE	-	no	direct.speech.17	-	-	-	-
'n	'n	ein	NE	-	no	direct.speech.17	-	-	-	-
ßtolzen	ßtolzen	ßtolz	NE	-	no	direct.speech.17	-	-	-	-
Bauernsohn	Bauernsohn	Bauernsohn	NN	-	no	direct.speech.17	-	-	-	-
in	in	in	APPR	-	no	direct.speech.17	-	-	-	-
Lumpen	Lumpen	Lumpen	NN	-	no	direct.speech.17	-	-	-	-
nach	nach	nach	APPR	-	no	direct.speech.17	-	-	-	-
Hause	Hause	Haus	NN	-	no	direct.speech.17	-	-	-	-
kehren	kehren	kehren	VVINF	-	no	direct.speech.17	-	-	-	-
sehen	sehen	sehen	VVINF	-	no	direct.speech.17	-	-	-	-
.	.	--	$.	-	no	direct.speech.17	-	-	-	-
Mußte	Mußte	Mußte	VMFIN	-	yes	direct.speech.17	-	-	-	-
ihm	ihm	ihm	PPER	-	no	direct.speech.17	-	-	-	-
ßtaark	ßtaark	ßtaark	NN	-	no	direct.speech.17	-	-	-	-
auffallen	auffallen	auffallen	VVINF	-	no	direct.speech.17	-	-	-	-
;	;	--	$.	-	no	direct.speech.17	-	-	-	-
–	-	--	$(	-	no	direct.speech.17	-	-	-	-
nöch	noch	noch	ADV	-	no	direct.speech.17	-	-	-	-
?	?	--	$.	-	no	direct.speech.17	-	-	-	-
